
%Author: Trisha Chakraborty 07/25/2020
%Basic plot code generates manual plotting, from journal, java plot and
%median-cumm-transmission plot is produced using this function.

function plotALO(Metric, Psize, xFont, yFont, lFont, gFont)
%BEB n = 10..150 with 30 trials
m1 = [24
    26
    32
    24
    22
    20
    30
    28
    26
    28
    28
    26
    24
    20
    26
    20
    22
    24
    26
    28
    30
    26
    24
    28
    23
    22
    22
    32
    22
    24
    58
    50
    43
    55
    54
    56
    62
    56
    58
    54
    55
    60
    56
    54
    52
    54
    55
    58
    58
    52
    48
    50
    50
    49
    60
    50
    48
    56
    49
    65
    84
    82
    82
    86
    88
    96
    88
    77
    74
    90
   102
    84
    83
    70
    82
    88
    98
    88
    78
    88
    80
    84
    86
    82
    88
    98
    86
    92
    81
    72
    116
   109
   117
   111
   115
   117
   102
   116
   112
   109
   120
   126
    96
   120
   121
   118
   105
   118
   118
   116
   123
   114
   107
   105
   110
   104
   118
   117
   112
   116
   158
   123
   149
   148
   152
   132
   134
   132
   143
   142
   146
   138
   152
   144
   144
   138
   146
   126
   134
   152
   142
   148
   152
   142
   160
   138
   144
   133
   142
   142
   170
   170
   188
   176
   195
   179
   173
   178
   167
   162
   173
   185
   186
   170
   179
   182
   174
   167
   174
   192
   181
   166
   146
   170
   182
   168
   163
   184
   198
   175
   195
   222
   224
   218
   198
   210
   191
   196
   204
   204
   210
   222
   216
   204
   198
   208
   192
   190
   186
   233
   207
   182
   207
   207
   195
   215
   220
   206
   210
   200
   222
   218
   219
   236
   238
   244
   236
   241
   238
   237
   245
   233
   244
   230
   231
   221
   231
   233
   228
   245
   238
   238
   248
   244
   223
   232
   230
   266
   244
   242
   282
   276
   261
   268
   252
   268
   267
   263
   262
   258
   281
   253
   260
   258
   272
   264
   274
   286
   282
   258
   270
   256
   260
   260
   257
   262
   268
   264
   254
   259
   300
   267
   283
   290
   302
   269
   310
   286
   306
   272
   295
   282
   306
   294
   287
   326
   289
   277
   277
   293
   295
   307
   298
   295
   301
   300
   287
   292
   295
   269
   303
   301
   308
   301
   313
   305
   311
   307
   322
   297
   304
   314
   291
   309
   305
   321
   301
   310
   299
   297
   294
   286
   290
   286
   295
   294
   304
   305
   304
   319
   316
   306
   333
   326
   313
   311
   322
   306
   322
   298
   330
   334
   299
   323
   315
   322
   313
   318
   307
   323
   314
   340
   326
   305
   324
   314
   335
   292
   300
   329
   336
   332
   314
   343
   309
   325
   317
   319
   342
   310
   318
   327
   333
   316
   321
   345
   340
   323
   344
   322
   353
   338
   333
   332
   324
   310
   362
   337
   337
   333
   346
   344
   348
   330
   338
   336
   348
   351
   322
   345
   332
   332
   351
   346
   353
   339
   355
   339
   342
   335
   343
   341
   348
   339
   339
   337
   328
   342
   332
   362
   330
   378
   355
   335
   347
   327
   341
   349
   355
   323
   343
   340
   356
   353
   346
   344
   333
   345
   338
   352
   362
   329
   352
   353
   345
   364
   336
   336
   361
   366
];
%LOG n = 10..150 with 30 trials
m2 = [36
    28
    36
    28
    28
    38
    42
    28
    28
    28
    34
    24
    34
    26
    36
    38
    40
    26
    30
    28
    30
    34
    34
    28
    32
    36
    28
    30
    28
    30
    47
    61
    55
    53
    61
    46
    56
    60
    50
    59
    57
    54
    61
    48
    55
    50
    56
    60
    51
    53
    57
    52
    61
    58
    56
    56
    50
    46
    52
    56
    60
    96
    74
    71
    88
    66
    80
    88
    65
    80
    82
    72
    83
    69
    78
    72
    80
    80
    72
    72
    87
    74
    86
    78
    80
    71
    67
    63
    70
    79
    151
   100
   119
   131
   155
   134
   118
   144
   106
   114
   134
   142
   126
   131
   134
   118
   102
   136
   154
   119
   116
   115
   117
   120
   121
   140
   113
   123
   123
   125
   180
   158
   205
   158
   185
   172
   168
   164
   176
   142
   174
   172
   192
   173
   183
   174
   196
   213
   176
   194
   190
   208
   180
   177
   179
   174
   174
   193
   175
   179
   195
   244
   217
   252
   240
   244
   212
   279
   216
   241
   239
   242
   226
   238
   202
   249
   223
   249
   228
   247
   230
   242
   250
   235
   236
   242
   260
   200
   253
   223
   276
   272
   286
   288
   300
   284
   254
   332
   286
   306
   263
   287
   304
   260
   282
   265
   264
   279
   292
   292
   309
   302
   279
   280
   296
   315
   260
   295
   305
   307
   313
   366
   291
   363
   305
   332
   354
   317
   360
   320
   329
   345
   332
   383
   353
   360
   300
   335
   364
   333
   362
   356
   337
   330
   351
   327
   326
   311
   340
   343
   423
   430
   362
   420
   415
   360
   333
   408
   391
   391
   391
   447
   353
   377
   398
   410
   357
   419
   409
   401
   449
   447
   415
   361
   359
   388
   426
   406
   394
   400
   490
   448
   441
   445
   417
   496
   475
   446
   469
   482
   406
   444
   422
   485
   484
   464
   430
   514
   457
   448
   439
   494
   448
   434
   436
   461
   481
   480
   494
   488
   471
   520
   502
   527
   478
   486
   556
   545
   545
   522
   545
   518
   467
   514
   490
   518
   493
   522
   560
   533
   513
   518
   460
   535
   554
   488
   511
   536
   558
   518
   545
   565
   523
   555
   521
   533
   557
   510
   573
   587
   534
   569
   533
   547
   582
   539
   542
   529
   560
   526
   568
   543
   557
   549
   580
   573
   550
   550
   518
   531
   588
   680
   605
   570
   620
   639
   617
   573
   633
   620
   615
   547
   587
   605
   528
   569
   556
   573
   579
   564
   612
   535
   566
   611
   637
   595
   596
   601
   615
   637
   642
   656
   609
   619
   692
   611
   617
   654
   578
   675
   685
   621
   638
   610
   680
   649
   646
   635
   593
   628
   626
   634
   632
   659
   640
   637
   612
   607
   610
   654
   637
   677
   638
   674
   648
   653
   604
   646
   648
   641
   663
   636
   698
   680
   712
   693
   670
   696
   645
   668
   663
   661
   666
   646
   629
   647
   693
   632
   659
   619
   699
   735
   671
   652
   635
   690
   668
   712
   667
   726
   708
   706
   708
   663
   740
   681
   691
   673
   683
   644
   760
   657
   702
   680
   704
   683
   665
   717
   694
   685
];
%LOGLOG n = 10..150 with 30 trials
